----
9,9
10,6
10,8
14,0
15,7
17,3
18,4
19,2
37,1
----
10,4
10,5
11,0
11,6
11,7
14,8
15,9
16,2
----
----
34,1
35,4
37,0
39,7
39,8
39,9
40,6
41,3
41,5
----
5,3
6,0
7,4
7,7
8,1
8,8
9,2
9,5
39,6
----
9,1
11,8
12,6
13,4
13,5
14,0
15,9
17,3
38,2
----
24,0
28,1
29,8
30,2
40,3
41,6
42,4
42,5
43,9
----
10,4
11,6
13,8
14,3
16,2
36,1
37,0
38,9
----
11,5
13,3
13,6
34,8
35,7
36,0
37,1
37,2
37,4
----
13,3
15,2
15,4
16,5
18,8
21,7
23,9
24,0
24,1
----
5,4
5,5
6,3
8,9
9,2
9,8
11,0
36,7
----
38,3
39,0
40,1
41,4
42,2
42,8
43,7
44,6
44,9
----
8,0
8,4
10,6
10,7
12,1
12,5
14,8
14,9
39,3
----
11,4
11,5
12,8
13,0
13,2
14,1
16,7
38,6
42,9
----
8,0
9,7
19,8
36,2
36,3
37,4
38,6
----
27,5
28,4
29,9
30,2
30,3
31,7
33,8
34,0
34,1
----
----
9,7
10,6
10,9
14,1
14,2
14,4
16,5
36,0
39,3
----
----
47,1
47,3
50,8
51,6
52,0
52,5
52,7
77,4
77,9
----
11,4
12,5
13,1
13,9
14,2
14,6
14,7
15,0
16,8
----
8,2
9,4
11,8
12,7
13,1
14,3
34,0
36,6
37,5
----
7,1
9,0
11,8
12,4
13,3
38,7
38,9
39,6
----
----
14,1
14,3
17,2
18,8
18,9
19,4
19,7
22,6
----
9,8
11,0
11,2
11,4
12,7
37,3
38,1
38,5
38,9
----
12,4
13,1
13,2
13,3
14,0
14,6
14,9
15,5
39,7
----
8,8
9,4
9,9
11,1
12,3
13,5
37,2
37,7
----
12,4
12,6
12,8
13,3
14,0
16,1
18,5
18,9
22,7
----
11,9
13,6
15,2
22,8
23,5
36,0
37,3
38,7
