----
12,8
12,8, last
12,8
15,8
12,8, last
12,8
13,8, last
----
12,24, last
12,24
14,24, last
12,24
13,24, last
----
12,7
16,7, last
12,7
12,7, last
12,7
12,7, last
----
13,14
12,14
12,14, last
12,14
12,14, last
33,14
12,14, last
----
12,20, last
13,20, last
14,20
12,20, last
----
13,21, last
12,21, last
12,21
33,21
13,21, last
----
12,16, last
12,16
12,16, last
12,16
12,16, last
----
12,14, last
35,14
12,14, last
12,14
54,14
12,14
12,14, last
----
14,20
13,20, last
15,20
12,20, last
12,20
12,20, last
----
12,20
12,20, last
33,20, last
15,20
12,20, last
----
12,23
13,23, last
12,23
12,23, last
12,23
13,23, last
----
33,8
13,8, last
16,8
12,8
12,8, last
12,8
33,8, last
----
17,2
12,2, last
12,2
12,2, last
12,2, last
----
12,23
12,23
12,23, last
13,23
33,23
12,23, last
12,23
33,23, last
----
13,16
12,16, last
13,16
13,16, last
12,16
12,16, last
----
12,1
14,1, last
12,1
13,1, last
12,1
12,1, last
----
12,12, last
12,12
12,12, last
12,12
13,12, last
----
12,4
13,4, last
12,4, last
12,4
33,4
12,4, last
----
12,20
12,20
13,20, last
12,20
12,20, last
12,20
54,20
12,20, last
----
12,14
12,14, last
12,14
12,14
13,14, last
12,14, last
----
12,13
13,13, last
12,13
12,13, last
12,13
12,13, last
----
12,6
12,6
12,6, last
12,6
12,6, last
12,6, last
----
12,11
12,11, last
16,11
12,11
14,11, last
15,11
12,11
12,11, last
----
12,17, last
12,17
12,17
12,17, last
12,17, last
----
33,20
33,20, last
12,20
33,20
15,20, last
12,20
13,20, last
----
14,10
13,10, last
12,10
18,10, last
12,10
14,10, last
----
12,12, last
12,12
14,12, last
12,12
12,12
12,12, last
----
12,12, last
12,12, last
12,12
12,12
12,12, last
----
12,19, last
12,19
12,19, last
12,19
12,19, last
----
12,5, last
15,5
12,5
12,5, last
13,5
13,5, last
