----
24,1
28,0
33,3
35,7
35,9
36,4
36,8
37,5
37,6
----
34,2
37,1
39,3
39,4
39,7
39,8
40,6
40,9
52,0
----
61,8
64,0
64,6
65,3
67,2
67,7
67,9
69,1
72,5
----
53,7
62,0
64,4
64,6
66,3
69,2
70,5
70,9
71,8
----
58,2
61,4
61,8
63,3
64,0
67,1
71,6
72,7
----
29,0
32,1
32,4
34,9
35,2
35,7
37,5
38,6
38,8
----
16,6
22,5
22,7
28,2
29,1
33,8
34,4
34,9
36,3
----
50,4
66,2
66,6
67,0
68,7
69,5
69,8
70,3
72,9
----
13,4
14,8
20,3
28,0
30,5
30,7
31,2
32,9
34,1
----
24,7
29,3
30,0
31,1
32,8
34,4
34,6
37,2
39,5
----
25,6
28,1
31,2
32,7
35,0
37,5
38,3
38,8
38,9
----
21,5
24,0
30,8
32,4
32,7
35,1
35,6
38,3
42,9
----
119,2
119,7
122,1
122,4
122,9
125,6
130,3
130,8
133,5
----
13,4
29,0
33,7
35,3
37,6
38,8
40,9
----
7,2
32,3
33,8
34,0
34,1
35,7
35,9
37,4
37,5
----
28,1
30,9
32,6
33,7
35,0
35,3
36,4
36,5
39,2
----
28,2
28,3
30,4
32,1
33,7
35,5
35,6
36,8
----
7,4
8,8
15,6
24,1
31,2
31,3
33,5
35,9
----
8,0
29,1
30,7
30,8
31,5
32,4
32,9
34,2
34,3
----
9,8
32,4
33,5
34,1
35,6
36,3
54,2
----
18,9
29,0
30,4
31,3
31,6
32,2
33,1
34,7
34,8
----
17,0
19,7
28,2
32,6
33,4
34,9
36,1
36,5
37,3
----
34,1
35,3
36,0
36,4
36,7
36,9
37,6
38,8
39,5
----
13,3
14,2
18,5
29,7
30,4
32,0
34,1
34,8
38,9
----
29,4
30,0
32,2
32,7
35,1
37,9
38,3
38,8
39,5
----
16,4
19,5
26,1
27,3
33,0
33,9
34,7
37,2
----
30,2
32,5
34,1
34,7
37,0
37,4
37,6
39,3
41,8
----
21,0
24,1
28,6
30,2
33,8
34,4
34,5
36,7
36,9
----
27,1
30,3
31,0
31,7
31,8
33,9
34,5
35,4
35,6
