----
12,0, last
12,0
12,0
13,0, last
15,0, last
----
12,22, last
12,22
54,22
14,22, last
12,22, last
----
13,7, last
13,7
13,7
12,7, last
12,7
12,7, last
----
12,2
14,2, last
33,2
15,2, last
33,2
13,2, last
----
13,9, last
13,9
13,9, last
12,9
14,9, last
----
12,12, last
33,12
13,12, last
12,12
13,12, last
----
13,22, last
15,22
12,22, last
12,22
13,22, last
----
12,17, last
33,17
13,17, last
12,17, last
----
14,2, last
13,2
12,2, last
33,2
14,2, last
----
12,21, last
14,21, last
12,21
12,21
13,21, last
----
12,12
12,12, last
12,12
12,12, last
12,12, last
----
13,11, last
12,11
12,11, last
12,11, last
----
12,8
12,8
14,8, last
12,8
12,8, last
12,8
12,8, last
----
12,18
13,18, last
13,18, last
13,18, last
----
12,5, last
12,5, last
12,5
12,5
12,5, last
----
12,1
12,1, last
12,1
12,1
33,1, last
12,1, last
----
12,22, last
33,22
12,22, last
12,22
12,22, last
----
13,23, last
15,23, last
14,23
12,23, last
----
14,20, last
33,20
12,20, last
12,20, last
----
12,7
36,7, last
12,7
12,7, last
33,7
12,7, last
----
33,22, last
13,22
13,22, last
12,22
14,22, last
----
13,21, last
12,21
12,21, last
12,21
12,21, last
----
13,5, last
18,5, last
12,5
14,5, last
----
33,17
14,17, last
12,17
12,17, last
13,17
12,17, last
----
12,11, last
12,11
12,11
12,11, last
12,11
12,11, last
----
12,3, last
12,3
14,3, last
12,3
12,3, last
----
12,6
12,6, last
12,6
12,6, last
12,6
13,6, last
----
12,11, last
12,11
12,11, last
12,11, last
----
12,13, last
12,13
12,13, last
13,13
12,13, last
----
17,1, last
12,1
12,1, last
33,1
13,1, last
