----
9,5
26,2
34,8
38,0
38,7
40,6
41,3
43,9
----
20,6
23,2
25,1
26,3
33,7
35,0
37,4
41,9
46,5
----
11,6
15,4
24,0
28,5
29,8
30,3
34,7
39,2
39,9
----
34,3
35,6
35,7
36,1
42,8
44,5
46,4
47,0
----
31,5
35,3
35,4
36,8
39,6
43,0
43,7
43,9
44,2
----
19,0
24,2
25,4
37,1
38,5
38,8
40,7
44,3
55,6
----
21,0
35,6
35,7
35,8
37,3
38,4
40,2
40,5
42,1
----
14,3
33,1
36,2
36,7
39,4
39,6
42,9
43,8
47,5
----
25,0
29,1
32,9
37,6
38,2
38,3
39,4
43,8
45,5
----
34,6
35,1
36,0
36,4
37,7
43,3
43,5
45,8
48,9
----
29,1
32,7
32,8
34,0
36,5
38,9
41,4
43,2
----
5,2
25,9
29,0
34,5
35,1
35,4
41,6
42,7
----
19,1
28,2
33,3
35,5
36,4
42,8
46,9
47,7
49,6
----
33,4
34,3
36,9
43,7
44,1
45,5
48,6
48,8
----
14,1
14,3
23,0
23,9
29,4
30,2
33,7
39,8
41,6
----
20,7
23,4
24,0
36,5
37,2
38,6
38,9
39,1
48,8
----
28,4
31,5
37,9
39,2
40,3
42,6
43,0
45,1
46,7
----
33,0
40,4
40,5
41,8
43,1
46,2
47,6
51,7
55,9
----
18,9
20,6
21,0
34,1
34,8
35,2
35,4
42,5
44,7
----
26,1
27,0
27,3
30,7
31,9
35,8
36,6
38,4
40,5
----
11,6
16,2
18,5
19,1
21,3
34,0
36,4
37,7
41,8
----
28,4
34,5
35,2
37,9
38,7
39,8
42,6
43,3
50,1
----
27,2
29,8
34,5
35,0
40,4
40,7
43,1
44,6
49,3
----
20,0
25,8
32,6
33,9
38,3
38,4
38,7
41,5
42,2
----
9,8
11,5
12,3
13,4
15,9
29,0
29,7
33,6
36,2
----
35,4
35,5
35,8
35,9
36,1
41,0
42,3
43,7
46,6
----
11,3
19,6
31,0
34,1
41,4
41,7
42,9
45,8
50,2
----
22,1
27,6
34,7
36,4
38,0
39,9
41,3
41,8
47,5
----
15,7
16,1
17,4
34,2
37,8
41,6
46,9
----
11,0
12,1
14,6
23,2
26,8
31,9
34,5
46,7
47,3
