----
27,13
40,6
55,8
70,7
84,5
92,3
109,10
122,1
----
30,8
45,4
59,14
73,10
86,7
94,12
----
23,14
40,5
52,0
66,9
80,8
93,3
107,1
----
25,7
41,8
54,3
79,1
92,6
----
30,2
86,4
99,12
136,11
149,7
----
26,14
41,6
56,7
80,9
94,1
107,12
----
26,11
39,13
55,9
70,3
84,6
97,0
----
30,11
42,12
56,14
70,2
106,6
119,4
----
26,11
42,4
56,13
74,9
87,5
----
28,4
39,6
55,0
69,2
83,8
----
44,3
100,1
116,4
131,8
144,11
----
31,5
47,8
61,3
74,9
88,6
98,11
111,1
----
30,2
45,12
89,13
102,1
115,0
128,4
142,8
155,5
----
25,3
38,8
55,5
69,4
84,1
97,13
----
28,5
48,2
65,10
75,13
91,1
103,12
159,0
173,9
187,8
200,14
----
30,11
46,6
61,8
75,12
84,5
99,14
----
33,13
46,10
61,7
95,0
109,11
123,2
----
37,6
52,10
67,2
80,11
89,3
108,5
126,0
----
25,8
102,11
118,10
134,6
147,14
160,12
----
27,13
40,6
56,1
69,2
84,8
97,12
110,0
----
37,8
49,13
60,12
74,11
90,9
104,6
116,4
129,14
----
24,8
60,7
76,0
89,5
102,2
----
33,3
70,1
84,13
97,14
107,6
122,9
134,8
147,2
----
27,2
44,4
59,5
94,3
107,11
121,0
----
29,2
45,4
60,5
74,13
86,14
100,0
----
23,11
37,1
51,4
67,7
80,0
----
24,6
41,3
57,1
70,2
85,5
97,0
----
26,11
62,5
78,13
92,9
106,10
119,8
----
29,14
45,1
58,3
70,6
87,2
101,9
----
25,13
39,9
54,10
69,8
84,5
97,14
