----
14,3
16,7
32,1
32,2
32,9
34,5
----
9,1
11,0
12,3
13,4
13,7
16,8
16,9
30,2
----
31,3
32,0
32,5
33,4
35,2
35,7
40,6
40,8
40,9
----
13,1
25,9
26,6
26,7
30,0
30,5
32,2
34,3
35,8
----
51,0
56,5
60,2
63,1
65,4
68,9
72,6
72,7
73,8
----
30,2
35,0
35,8
36,1
37,3
39,6
39,9
53,4
56,7
----
23,6
25,8
29,0
31,1
31,3
33,4
33,7
35,9
37,2
----
10,7
33,3
33,8
34,0
35,4
35,5
36,2
37,6
37,9
----
12,6
14,0
14,1
24,7
28,3
31,5
32,2
32,8
39,9
----
16,7
25,3
32,0
34,2
37,4
37,8
40,9
----
34,1
36,0
36,4
38,6
39,3
39,5
39,7
42,8
42,9
----
23,4
26,1
28,0
35,7
35,8
36,6
36,9
37,3
----
92,8
94,0
96,4
98,6
102,7
103,2
105,1
106,5
108,9
----
10,5
13,2
25,0
27,9
33,7
33,8
34,3
34,4
37,6
----
32,0
32,1
33,5
35,3
37,2
37,6
38,9
39,8
40,4
----
16,3
25,5
25,9
27,1
27,4
27,8
34,0
35,6
36,7
----
170
----
144,1
149,3
156,6
158,4
166,5
168,2
170,8
172,7
172,9
----
66,1
71,4
73,2
73,6
73,7
73,9
76,0
76,3
80,5
----
34,1
36,0
36,2
38,5
39,8
41,9
54,7
56,4
58,3
----
15,3
17,4
17,5
29,0
29,7
32,2
33,6
35,1
----
14,0
20,5
30,2
30,9
33,7
34,6
35,3
35,4
----
9,2
13,6
29,9
33,4
35,0
35,7
37,1
37,3
37,5
----
12,0
31,4
34,5
35,1
36,2
36,3
37,7
38,8
39,9
----
64,5
68,0
69,4
70,2
72,8
77,9
82,1
86,7
88,3
----
19,0
25,5
27,3
32,1
34,9
35,7
35,8
36,2
39,6
----
7,1
13,8
15,3
17,9
26,0
32,6
33,2
35,5
37,7
----
30,5
31,8
35,0
35,1
35,2
36,6
37,4
39,7
40,9
----
31,0
32,3
33,5
36,1
38,4
38,8
40,9
53,2
55,7
----
10,0
11,2
14,5
14,6
15,1
26,3
29,4
31,9
34,8
