----
25,1
39,8
55,3
68,5
83,0
97,4
110,2
----
30,1
45,2
57,5
96,8
110,0
143,7
----
33,1
48,7
63,6
76,5
90,0
103,3
129,2
----
37,1
51,6
65,7
79,3
93,4
107,5
120,2
133,9
149,8
----
43,7
58,1
72,8
85,6
98,5
111,9
125,0
138,2
152,4
----
44,2
61,6
93,8
116,4
129,3
150,9
164,1
177,5
----
41,0
58,6
72,5
84,4
97,8
111,7
125,1
138,2
166,3
----
36,0
49,3
63,4
77,7
91,9
104,5
123,8
----
52,0
68,8
81,4
94,2
109,3
123,5
137,1
153,9
192,7
----
26,3
41,0
55,8
68,4
83,2
100,5
123,6
----
30,3
47,8
61,6
74,5
88,0
101,2
165,1
180,9
275,7
----
34,6
52,4
66,9
81,7
94,2
102,8
----
36,1
50,0
64,3
77,5
89,6
120,7
144,9
----
25,6
62,9
77,5
90,4
103,7
125,3
139,2
152,1
----
26,4
47,3
61,6
75,5
88,9
106,2
118,0
----
31,3
45,7
60,8
113,9
126,6
140,4
153,1
186,2
----
37,7
53,6
67,2
76,1
93,0
107,9
129,4
142,3
184,8
----
30,2
45,0
67,5
80,8
94,7
102,6
117,4
----
29,9
45,0
60,2
75,1
90,6
104,7
117,4
209,8
244,3
----
44,6
57,5
72,2
85,9
98,1
112,3
126,0
140,4
----
48,1
61,8
77,7
91,0
99,5
137,6
151,9
197,4
240,2
----
36,4
52,2
66,7
80,1
93,0
105,8
117,6
135,9
149,3
----
24,6
39,5
53,3
67,1
81,9
95,8
108,7
122,0
----
31,7
47,6
61,8
69,3
86,4
100,5
120,1
146,0
159,2
----
35,3
52,9
67,2
81,4
97,6
111,7
124,8
138,5
145,0
----
30,1
43,5
57,3
71,6
110,7
124,9
137,8
150,0
----
42,9
56,4
71,8
106,7
119,5
132,3
148,2
162,0
554,6
----
49,8
66,3
83,4
98,2
122,1
144,9
159,0
----
30,9
46,4
61,2
71,7
86,3
127,8
152,6
165,0
----
30,3
46,2
60,7
104,9
129,1
143,0
176,4
401,8
453,6
