----
32,1
48,10
61,6
75,13
89,9
----
35,7
47,12
65,10
97,6
110,8
124,2
----
32,1
45,10
58,5
74,9
88,11
102,7
115,4
----
30,5
42,4
57,2
71,10
115,8
----
23,7
40,2
55,10
70,8
83,3
----
26,2
41,6
76,12
91,3
105,9
122,1
134,13
----
25,9
41,0
54,6
107,10
121,4
155,13
169,1
----
25,9
40,13
55,6
80,10
97,1
111,12
----
25,6
39,10
54,11
90,13
110,5
132,7
145,2
158,8
173,12
----
27,14
43,4
54,3
69,12
82,5
97,0
110,2
----
30,3
49,8
64,10
79,14
92,13
110,2
124,6
138,4
----
25,11
42,1
60,8
73,10
84,2
100,7
114,3
126,5
----
29,4
42,2
56,14
69,7
84,0
98,10
112,12
----
29,2
64,7
79,11
94,12
129,8
142,3
----
38,6
51,11
65,8
76,4
113,13
128,2
141,10
----
28,13
41,3
56,0
93,1
106,11
119,4
----
23,8
39,11
54,12
69,13
82,4
----
28,4
42,10
54,14
67,12
81,5
95,3
108,8
----
25,3
39,4
55,8
70,7
83,13
95,1
----
29,12
45,3
55,9
72,11
86,5
101,7
----
31,11
48,3
61,12
75,5
88,4
96,14
112,2
----
23,12
57,2
74,5
88,3
101,6
114,7
----
30,7
46,5
60,8
74,10
87,6
98,1
116,14
----
29,13
66,11
80,4
94,0
107,14
120,1
135,8
----
31,0
44,6
95,7
108,9
121,8
129,2
144,10
----
30,2
41,3
57,10
112,4
126,6
140,8
----
33,14
50,0
64,4
77,12
88,9
160,1
177,5
----
33,5
45,3
79,2
95,1
110,4
124,11
158,12
172,0
----
36,12
49,5
62,8
98,9
111,10
123,14
134,4
----
30,8
43,11
76,4
91,5
105,1
118,9
