----
33,6
50,2
64,8
78,4
94,3
107,9
119,1
133,0
173,7
----
69,4
83,0
97,6
111,8
140,3
154,5
167,7
189,9
221,1
----
32,1
47,3
61,7
76,5
89,0
152,4
175,9
202,6
----
41,1
57,8
71,9
83,4
97,7
110,3
124,2
158,0
183,5
----
45,6
61,3
75,2
110,7
123,1
131,5
147,9
176,8
208,4
----
23,3
41,5
56,1
69,6
83,7
----
34,1
50,8
66,0
80,3
94,9
107,6
181,2
195,4
----
27,5
43,1
58,7
70,2
85,0
99,4
114,8
126,9
----
31,8
43,3
59,7
73,4
86,9
102,0
116,6
129,1
----
29,6
58,5
71,7
85,3
99,0
112,2
123,1
140,9
193,4
----
30,8
48,2
60,5
69,6
85,9
102,1
115,7
----
25,2
39,5
55,8
69,1
84,7
97,4
----
28,5
41,3
52,6
69,8
82,7
96,2
110,9
140,1
----
36,6
51,8
69,1
82,9
97,2
115,3
129,4
142,7
----
40,8
55,6
69,2
84,0
103,1
116,4
130,5
----
25,1
41,7
53,3
69,0
82,6
95,4
109,2
----
34,0
50,7
62,9
71,2
88,8
102,4
117,5
----
35,9
48,4
61,8
84,2
98,0
111,3
295,7
306,5
----
40,9
54,4
66,6
80,5
94,2
108,8
121,1
134,3
----
30,9
62,3
74,5
91,7
105,6
118,1
142,4
155,8
----
33,9
48,8
64,0
78,5
101,2
113,4
124,7
138,6
----
32,4
47,1
67,5
81,3
96,9
109,6
122,7
----
22,1
40,8
53,7
67,9
84,0
98,3
111,5
----
37,4
54,3
68,9
82,2
95,0
109,8
188,6
264,7
277,1
----
33,9
43,5
94,6
108,7
123,4
137,3
171,8
----
55,1
72,5
87,0
100,3
108,9
121,8
137,6
151,7
----
25,5
48,0
61,2
75,8
111,6
124,1
----
37,8
50,0
65,6
77,3
92,1
139,4
----
41,8
69,7
83,0
97,6
110,9
120,5
135,1
148,4
204,2
----
36,0
52,6
65,5
79,1
92,8
125,9
