----
27,9
38,15
50,2
67,19
82,18
97,7
----
25,11
44,19
76,16
94,3
129,15
163,1
177,9
----
51,5
66,4
79,14
95,2
108,3
121,17
133,11
147,0
----
26,0
40,12
58,3
72,15
85,6
98,17
----
24,4
37,11
51,1
68,10
80,6
----
26,9
45,5
59,16
74,4
88,13
104,14
117,11
----
28,13
42,15
57,6
73,11
87,2
100,18
113,14
----
25,13
40,9
55,8
90,10
125,16
139,1
152,15
----
29,17
51,11
66,5
79,12
119,4
132,7
146,9
----
32,16
44,19
55,1
72,12
85,13
99,6
113,17
----
51,9
67,3
80,2
95,5
108,6
119,11
130,7
----
26,19
43,0
56,15
73,6
87,17
100,7
127,4
141,12
168,14
----
25,18
41,19
54,4
70,1
83,13
93,6
108,14
121,0
----
27,11
44,6
58,14
72,2
104,8
118,13
131,0
----
27,2
39,13
56,1
69,5
82,18
117,15
130,7
----
29,11
43,4
62,13
96,2
110,6
118,17
134,5
----
32,14
47,13
57,17
73,2
87,0
101,3
114,16
146,18
160,15
----
34,11
71,16
86,18
120,3
129,6
144,7
161,0
175,13
188,14
----
28,3
44,9
56,19
71,6
85,8
99,1
134,14
----
26,18
84,13
98,2
114,17
133,8
146,7
159,3
----
30,16
47,14
61,11
74,9
83,3
99,13
----
27,10
41,6
54,9
71,8
105,12
119,17
140,18
----
24,4
59,2
75,9
89,1
102,19
116,0
----
26,9
36,2
52,18
65,12
79,1
93,16
106,19
----
27,12
39,8
76,2
90,9
102,4
116,17
130,11
143,14
----
34,17
50,16
64,14
77,13
90,5
103,12
117,9
129,18
----
23,4
38,16
52,6
69,10
83,9
96,2
----
26,7
84,6
97,8
133,10
146,16
----
51,0
88,10
101,16
136,8
149,19
156,18
174,13
----
30,7
47,9
57,12
96,4
110,5
123,17
