----
40,16
54,5, last
68,12
81,1
96,14, last
102,15, last
----
32,14, last
51,17, last
83,16
96,4, last
----
33,19
45,0, last
59,3
70,12, last
109,9
123,7, last
----
35,0
54,7, last
69,6, last
83,15
98,12, last
----
39,12
73,6, last
88,5
101,18, last
113,10
125,19, last
----
34,2
50,12, last
67,18
81,0, last
143,4, last
----
48,6, last
62,17
79,1, last
114,8
148,4, last
----
27,3, last
50,14
70,5
83,6, last
94,17, last
----
29,10, last
65,7
102,15
137,19, last
151,6
163,12, last
----
54,8
66,18, last
77,16, last
94,1
108,15, last
----
24,3, last
37,16
52,6, last
71,18
85,2, last
----
30,5, last
91,9
104,13, last
----
28,2, last
41,19, last
72,3
86,7, last
----
31,7
48,0, last
57,6
72,9, last
90,3
145,14, last
----
33,9, last
70,15
85,13, last
138,0, last
----
26,4, last
41,5
60,12, last
74,16
87,17, last
----
27,9, last
63,17
78,0, last
90,8
106,15, last
----
37,4
52,12
65,8, last
73,9, last
85,2, last
----
34,12
50,11
64,10, last
75,18
91,0, last
105,3, last
----
24,4, last
63,8
78,1, last
91,9
106,18
119,19, last
----
32,2
47,13, last
63,6, last
88,3
96,16, last
----
28,9, last
44,2
60,0, last
73,4, last
----
25,11, last
42,3
57,16, last
67,5
83,15
96,8, last
----
28,16, last
39,13
55,14, last
70,6, last
----
51,0
66,5, last
77,19
90,3, last
131,14
144,8, last
----
23,6, last
69,0
104,7, last
118,15
132,13, last
----
44,13, last
60,1
75,11, last
88,12
102,5, last
----
30,16, last
46,14
61,4, last
72,19, last
----
33,6
77,2
91,9
105,14, last
117,19, last
132,0
146,18, last
----
23,17, last
48,1
62,10, last
80,0, last
