----
24,13
40,8
53,16
88,7
102,6
115,2
----
32,8
41,9
56,0
69,12
85,14
98,17
----
27,4
42,0
56,1
69,14
83,3
96,2
110,10
----
29,19
46,8
59,13
71,1
107,6
121,16
134,12
----
29,5
45,16
55,19
71,4
84,9
98,0
112,2
125,1
----
24,1
38,16
52,18
67,5
82,14
96,8
109,0
----
55,17
71,7
86,1
99,12
113,2
127,18
----
32,11
45,1
60,15
75,2
89,6
102,10
110,12
126,3
161,4
----
32,18
46,1
60,15
74,9
88,8
97,6
----
35,10
50,15
65,4
100,3
113,17
122,9
138,5
----
50,7
65,11
79,6
95,2
109,1
116,10
133,3
----
28,16
40,5
54,14
69,12
83,8
----
53,0
70,5
84,17
118,11
139,15
153,18
167,8
175,14
----
25,6
38,5
51,3
82,13
96,18
109,7
----
28,1
43,18
59,10
73,16
88,15
102,13
115,17
----
45,11
58,0
73,8
87,7
101,14
115,17
----
27,16
37,1
49,7
65,3
79,4
92,2
106,9
119,17
----
26,11
42,5
77,9
91,16
105,13
----
22,6
39,0
75,13
152,7
166,15
187,2
201,12
----
26,15
41,19
57,6
73,7
87,4
----
23,12
39,0
55,15
68,17
87,14
105,2
118,19
----
37,14
51,8
64,16
75,0
88,19
125,9
138,18
----
31,15
45,17
56,13
71,16
85,8
100,18
113,19
----
30,10
46,3
59,13
94,17
107,18
142,15
156,8
----
34,5
50,15
64,0
78,1
87,12
102,13
----
25,14
53,13
69,2
127,8
141,17
155,16
----
27,14
44,4
53,16
71,7
83,15
96,2
111,12
145,1
----
23,17
38,10
52,11
67,18
80,4
----
33,19
43,1
57,8
72,16
85,0
100,4
114,5
----
24,2
41,13
55,11
91,16
104,5
