----
22,24, last
36,2
51,7, last
66,11
79,13, last
----
29,5, last
46,4
59,21, last
76,15
92,19, last
----
23,21, last
36,11
48,22, last
66,17, last
----
33,13, last
48,2
62,22, last
74,8
87,4, last
----
27,12, last
41,19, last
60,18
74,21, last
----
29,21, last
45,9
59,6, last
73,1
89,23, last
----
28,1, last
42,11, last
59,3
75,20, last
----
30,18, last
46,23, last
61,11
74,15, last
----
35,14
48,7, last
62,18
76,3, last
91,5, last
----
29,13, last
45,17
64,19, last
77,23, last
----
33,18
48,14, last
61,24
77,22
90,6, last
97,9, last
----
32,4
45,1, last
64,13, last
72,12, last
----
57,22
72,17
86,12, last
98,5, last
110,18
124,24, last
----
23,15, last
40,18, last
54,20, last
----
25,21, last
42,14, last
59,22
73,15, last
----
27,14, last
41,22, last
58,8
74,24, last
----
34,13
52,10
68,14, last
79,18
95,17, last
107,8
118,7, last
----
27,7, last
66,11
122,1, last
136,12
150,10, last
----
25,22, last
43,23
57,21, last
73,12
86,11, last
----
32,7
52,1
73,21
88,23, last
100,18, last
122,19
135,22, last
----
26,12, last
39,1
56,8, last
155,2
168,19, last
----
36,4
51,11, last
63,17, last
81,19
94,23, last
115,13, last
----
31,2
47,10, last
57,6
69,16, last
88,13
101,17, last
----
30,12, last
44,5
57,14, last
76,2
88,20, last
----
23,7, last
40,13
57,18
72,16, last
82,6, last
----
50,6
66,23
80,19, last
91,12
107,17, last
127,5, last
137,8, last
----
24,6, last
37,16, last
56,21
70,4, last
----
31,24
43,2, last
57,8, last
74,5
89,18, last
----
35,24, last
52,8
67,23
79,6, last
92,5
105,16, last
----
31,17
44,9, last
58,15
94,18
107,16, last
119,1, last
