----
26,13
43,2
79,8
93,12
106,10
115,17
131,15
----
28,11
42,2
75,19
92,3
105,14
119,5
----
31,7
47,16
61,8
74,10
90,4
103,2
111,13
128,14
141,19
----
27,14
41,10
56,9
65,4
82,15
117,12
131,16
144,18
----
37,10
51,16
66,19
78,9
97,15
154,11
----
32,2
48,10
63,13
84,8
98,1
111,7
123,16
136,17
----
33,14
46,18
155,0
169,8
182,9
194,5
----
37,3
50,11
61,1
76,13
91,6
105,2
119,9
----
29,13
44,5
57,1
71,0
83,4
120,9
133,18
----
30,15
40,1
55,2
68,19
82,14
127,18
141,17
156,11
----
23,1
36,9
52,11
69,4
103,7
124,17
138,2
----
29,9
46,5
56,15
71,2
86,7
99,4
113,14
----
30,18
46,4
61,7
100,10
114,8
127,11
143,0
156,19
----
42,8
55,7
71,19
83,16
92,17
----
26,2
41,8
57,7
71,16
82,5
97,10
----
47,1
61,4
73,14
88,8
102,11
115,0
128,2
154,7
169,18
----
26,2
45,0
61,5
75,18
89,4
102,9
111,19
129,15
142,8
----
35,3
49,12
63,2
76,9
109,17
123,7
136,4
----
24,12
41,8
55,14
68,10
82,2
----
33,10
43,6
59,0
74,12
88,15
117,9
133,3
----
29,1
45,4
57,8
72,7
85,18
100,17
113,14
126,6
----
25,15
39,8
52,12
67,14
82,19
95,0
109,16
122,18
----
31,5
47,13
79,19
95,6
108,11
122,18
136,12
----
23,4
40,1
53,18
66,9
102,15
116,5
129,3
----
25,16
40,1
51,6
70,4
104,7
126,17
140,8
154,5
----
34,16
50,7
66,10
78,11
92,18
106,19
119,13
152,12
165,9
----
26,14
44,1
61,7
74,8
88,3
102,19
115,9
----
27,3
41,1
54,8
68,2
82,6
96,13
109,15
123,19
136,0
----
28,19
41,15
57,13
71,17
85,7
98,12
112,2
----
26,9
39,3
55,11
70,17
144,2
157,15
171,18
184,10
