----
48,2, last
68,4
81,0, last
107,12
118,11, last
----
50,8, last
65,0
99,5, last
113,7
127,13
140,1, last
----
34,9
51,0
65,14, last
76,3
91,4
104,2, last
119,12
132,8, last
----
39,13
55,9
69,12, last
81,8
94,6, last
549,14
562,4, last
----
27,12, last
39,6
54,2, last
69,10
83,4, last
----
35,10
53,5
67,11, last
85,1
99,8, last
107,12, last
----
40,7
53,12, last
70,6, last
87,3
101,11, last
----
53,12
65,8
80,3, last
101,1, last
244,2
258,13, last
----
33,9
48,7, last
61,14
74,2, last
89,10
103,11, last
----
36,0
50,10, last
63,5
118,8
131,9, last
310,14
327,3
341,4, last
----
34,0, last
42,14
59,2, last
72,4
87,6, last
----
34,2
46,14, last
162,1
176,0, last
212,6
225,3, last
----
42,9
56,10
70,14, last
113,11, last
286,7
305,13, last
----
36,1
51,9, last
65,11
76,2, last
258,10
271,7, last
----
45,8
59,9
73,5, last
87,4
99,13, last
131,11
144,10, last
----
42,5
56,0
69,1, last
83,3
96,10, last
223,9
237,6, last
----
35,1
51,6
64,4, last
85,9
100,12, last
112,3
126,0, last
----
44,10
58,9
71,11, last
149,4
165,14, last
515,12
524,2, last
----
31,11, last
48,13
82,2
96,7, last
107,8
122,4, last
----
27,7, last
56,6
73,4, last
88,10
101,13, last
----
32,0
44,14, last
63,11
76,12, last
83,9, last
----
38,4, last
63,11
78,0, last
132,2
145,12, last
----
38,9
50,11, last
61,6
80,12
94,14, last
165,7
179,1, last
----
35,7
50,14, last
65,6
77,3, last
87,2
102,5, last
----
33,1
54,0
67,4, last
74,6
91,10, last
106,9
119,11, last
----
34,3
52,12
65,13, last
76,9
90,14, last
157,1
170,4, last
----
48,4
63,14
77,5, last
88,0, last
138,2, last
----
36,7
48,4, last
76,1
94,0, last
282,5
296,14
309,12, last
----
51,4
67,9, last
77,8
92,2, last
108,10
122,11, last
----
38,0
56,2, last
70,14
83,11, last
108,5
121,8
134,9, last
