----
29,7, last
43,9
60,14, last
71,5
85,21, last
----
36,14
50,5, last
62,4, last
79,12
94,21
107,19, last
----
35,20, last
52,19
67,13, last
97,3
112,0
126,16, last
----
33,20, last
48,8
62,24, last
98,13, last
----
31,3
45,8, last
58,9, last
76,1
89,11, last
----
29,18, last
51,22
69,6, last
82,12
96,24, last
----
54,18
70,5
82,17, last
144,2
158,7, last
518,15
540,19
555,22, last
----
24,7, last
39,8
54,13, last
69,3, last
----
30,11, last
39,21
57,15
71,16, last
121,2
135,3, last
----
85,19
99,3
113,23, last
185,13
199,14, last
230,4
244,22, last
----
31,23, last
108,17
123,4
137,11, last
164,3, last
----
31,2
47,10, last
61,6
95,11, last
109,12
123,13, last
----
33,16
48,0, last
68,9
81,8, last
112,23
130,22
144,6
157,5, last
----
30,7
46,15, last
63,0
76,21, last
90,17
105,19
119,3, last
----
33,16
50,5, last
76,0
93,19, last
195,15
209,24
223,13, last
----
33,9
50,24, last
112,15
125,8
139,5
153,10, last
458,1
469,22, last
----
46,13
60,8, last
86,22
104,17
117,6
131,19, last
142,20
156,15, last
----
36,7, last
51,9
65,10, last
103,19, last
----
31,10
44,2, last
58,21, last
76,8, last
----
37,7
52,15, last
66,24
80,23
94,19, last
180,2, last
----
40,17
54,15
68,2, last
90,9
105,22, last
152,16
167,21, last
----
32,24, last
71,20
85,21, last
123,6
137,8, last
----
34,9
50,3, last
70,16, last
80,24
97,7, last
111,15, last
----
33,23
44,4, last
63,24
78,19, last
89,17
102,2, last
----
30,13
47,7, last
72,17
90,20
104,14, last
135,24
150,8, last
----
35,7
49,11, last
59,0, last
79,21
92,5, last
----
34,7
50,12, last
67,15
80,17, last
89,9
104,10, last
----
26,0, last
42,3
54,12, last
70,20, last
----
55,2
69,13, last
84,23
97,14, last
138,11
156,4, last
----
29,13, last
42,8
60,20, last
94,1
108,11
121,24, last
